Homes:
  main:
    X: -382.8197510098195
    Y: -59.0
    Z: -256.0435254887608
    Yaw: 30.805088
    Pitch: 24.472359
    World: world
