Homes:
  main:
    X: -238.2890121377986
    Y: 63.0
    Z: 217.26306074780595
    Yaw: 169.4967
    Pitch: 36.89957
    World: world
