Homes:
  main:
    X: -386.66473160537595
    Y: -59.0
    Z: -251.24478808066604
    Yaw: -169.4992
    Pitch: 0.44986874
    World: world
