Homes:
  main:
    X: -240.59002779773144
    Y: 63.0
    Z: 217.28930115914974
    Yaw: 137.99976
    Pitch: 43.199963
    World: world
